Save 
79 42
612.0 108.0
3 4 9 10 14 14 0 5 10
2 7 21 1 2 6
10 5 20
2 20 20 1
1.0619990583199876 0.5 100.0
5 6 2 3
20
0 0 0 0 0 0 0 0 0 0 0 0 0 0 0 0 0 0 0 0 0 0 0 0 0 0 0 0 0 0 0 0 0 0 0 0 0 0 0 0 0 0 0 0 0 0 0 0 0 0 0 0 0 0 0 0 0 0 0 0 0 0 0 0 0 0 0 0 0 0 0 0 0 0 0 0 0 0 0 
0 0 0 0 0 0 0 0 0 0 0 0 0 0 0 0 0 0 0 0 0 0 0 0 0 0 0 0 0 0 0 0 0 0 0 0 0 0 0 0 0 0 0 0 0 0 0 0 0 0 0 0 0 0 0 0 0 0 0 0 0 0 0 0 0 0 0 0 0 0 0 0 0 0 0 0 0 0 0 
0 0 0 0 0 0 0 0 0 0 0 0 0 0 0 0 0 0 0 0 0 0 0 0 0 0 0 0 0 0 0 0 0 0 0 0 0 0 0 0 0 0 0 0 0 0 0 0 0 0 0 0 0 0 0 0 0 0 0 0 0 0 16 0 0 0 0 0 0 0 0 0 0 0 0 0 0 0 0 
3 0 0 0 0 0 0 0 0 0 0 0 0 0 0 0 0 0 0 0 0 0 0 0 0 0 0 0 0 0 0 0 0 0 0 0 0 0 0 0 0 0 0 0 0 0 0 0 0 0 0 0 0 0 0 0 0 0 0 0 0 0 0 0 0 0 0 0 0 0 0 0 0 0 0 0 0 0 0 
6 0 0 0 0 0 0 0 0 0 0 0 0 0 0 0 0 0 0 0 0 0 0 0 0 0 0 0 0 0 0 0 0 0 0 0 0 0 0 0 0 0 0 0 0 0 0 0 0 0 0 0 0 0 0 0 0 0 0 0 0 0 0 0 0 0 0 0 0 0 0 0 0 0 0 0 0 0 0 
6 0 0 0 0 0 0 0 0 0 0 0 0 0 0 0 0 0 0 0 0 0 0 0 0 0 0 0 0 0 0 0 0 0 0 0 0 0 0 0 0 0 0 0 0 0 0 0 0 0 0 0 0 0 0 0 0 0 0 0 0 0 0 0 0 0 0 0 0 0 0 0 0 0 0 0 0 0 0 
6 0 0 0 0 0 0 0 0 0 0 0 0 0 0 0 0 0 0 0 0 0 0 0 0 0 0 0 0 0 0 0 0 0 0 0 0 0 0 0 0 0 0 0 0 0 0 0 0 0 0 0 0 0 0 0 0 0 0 0 0 16 0 16 0 0 0 0 0 0 0 0 0 0 0 0 0 0 0 
6 0 0 0 0 0 0 0 0 0 0 0 0 0 0 0 0 0 0 0 0 1 2 2 2 3 0 0 1 2 3 0 0 0 0 0 0 0 0 0 0 0 0 0 0 0 0 0 0 0 0 0 0 0 0 0 0 0 0 0 0 0 0 0 0 0 0 0 0 0 0 0 0 0 0 0 0 0 0 
6 0 0 0 0 0 0 0 0 0 0 0 0 0 0 0 0 0 0 0 0 4 5 5 5 17 2 2 18 5 6 0 0 0 0 0 0 0 0 0 0 0 0 0 0 0 0 0 0 0 0 0 0 0 0 0 0 0 0 0 0 0 0 0 0 0 0 0 0 0 0 0 0 0 0 0 0 0 0 
6 0 0 0 0 0 0 0 0 0 0 0 0 0 0 0 0 0 0 0 0 7 8 8 8 8 8 8 8 8 9 0 10 11 12 0 0 0 0 0 0 0 0 0 0 0 0 0 0 0 0 0 0 0 0 0 0 0 0 0 0 0 0 0 0 0 0 0 0 0 0 0 0 0 0 0 0 0 0 
6 0 31 30 30 33 0 0 0 0 0 0 0 0 0 0 0 0 0 0 0 0 0 0 0 0 0 0 0 0 0 0 0 0 0 0 0 0 0 0 0 0 0 0 0 0 0 0 0 0 0 0 0 0 0 0 0 0 0 0 16 0 16 0 16 0 0 0 0 0 0 0 0 0 0 0 0 0 0 
17 2 3 29 29 34 0 0 0 0 0 0 0 0 0 0 0 0 0 0 0 0 0 0 0 0 0 0 0 0 0 0 0 0 0 0 0 31 30 33 0 0 0 0 0 0 0 0 0 0 0 0 0 0 0 0 0 0 0 0 0 0 0 0 0 0 0 0 0 0 0 0 0 0 0 0 0 0 0 
5 19 0 0 0 0 0 0 0 0 0 0 0 0 0 0 0 0 0 0 0 0 0 0 0 0 0 0 0 0 0 0 0 0 0 0 1 3 29 34 0 0 0 0 0 0 0 0 0 0 0 0 0 0 0 0 0 0 0 0 0 0 0 0 0 0 0 0 0 0 0 0 0 0 0 0 0 0 0 
25 0 0 0 0 0 0 0 0 0 0 0 0 0 0 0 0 0 0 0 0 0 0 0 0 0 0 0 0 0 0 0 0 0 0 0 7 9 0 0 0 0 0 0 0 0 0 0 0 0 0 0 0 0 0 0 0 0 0 0 0 0 0 0 0 0 0 0 0 0 0 0 0 0 0 0 0 0 0 
6 0 0 0 0 0 0 0 0 0 0 0 0 0 0 0 0 0 0 0 0 0 0 0 0 0 0 0 0 0 0 0 0 0 0 0 0 0 0 0 0 31 30 30 32 0 0 0 0 0 0 0 0 0 0 0 0 0 0 0 0 0 0 0 0 0 0 0 0 0 0 0 0 0 0 0 0 0 0 
6 0 0 0 0 0 0 0 0 0 0 0 0 0 0 0 31 30 30 32 0 0 0 0 0 0 0 0 0 0 0 0 0 0 0 0 0 0 0 0 10 11 11 11 11 12 0 0 0 0 0 0 16 0 0 0 0 0 0 16 0 16 0 16 0 16 0 0 0 0 0 0 0 0 0 0 0 0 0 
6 0 0 0 0 0 0 0 0 0 0 0 0 0 0 10 11 11 11 11 12 0 0 0 0 0 0 0 0 0 0 0 0 0 0 0 0 35 30 33 0 0 0 0 0 0 0 0 0 0 0 0 0 0 0 0 0 0 0 0 0 0 0 0 0 0 0 0 0 0 0 0 0 0 0 0 0 0 0 
6 0 0 0 0 0 0 0 0 0 0 0 0 0 0 0 0 0 0 0 0 0 0 0 0 0 0 0 0 0 0 0 0 0 0 0 0 36 29 34 0 0 0 0 0 0 0 0 0 0 0 0 0 0 0 0 0 0 0 0 0 0 0 0 0 0 0 0 0 0 0 0 0 0 0 0 0 0 0 
6 0 0 0 0 0 0 0 0 0 0 0 0 0 0 0 0 0 0 0 0 0 0 0 0 31 30 30 30 30 30 30 30 32 0 0 0 0 0 0 0 0 0 0 0 0 0 0 0 0 0 0 0 0 0 0 0 0 0 0 0 0 0 0 0 0 0 0 0 0 0 0 0 0 0 0 0 0 0 
6 0 0 0 0 0 0 0 0 0 0 0 0 0 0 0 0 0 0 0 0 0 0 0 0 10 11 11 11 11 11 11 11 12 0 0 0 0 0 0 0 0 0 0 0 0 0 0 0 0 0 0 0 0 0 0 0 0 0 0 0 0 0 0 0 0 0 0 0 0 0 0 0 0 0 0 0 0 0 
6 0 0 0 0 0 0 0 0 0 0 0 0 0 0 0 0 0 0 0 0 0 0 0 0 0 0 0 0 0 0 0 0 0 0 0 0 0 0 0 0 0 0 0 0 0 0 0 0 0 0 0 0 0 0 0 0 0 0 0 0 0 0 0 0 0 0 0 0 0 0 0 0 0 0 0 0 0 0 
6 0 0 0 0 0 0 0 0 0 0 0 0 0 0 0 0 0 0 0 0 0 0 0 0 0 0 0 0 0 0 0 0 0 0 0 0 31 30 30 30 30 30 32 0 0 0 0 0 0 0 0 0 0 0 0 0 0 0 0 0 0 0 0 0 0 0 0 0 0 0 0 0 0 0 0 0 0 0 
6 0 0 0 0 0 0 1 2 2 2 2 2 2 3 0 0 0 0 0 0 0 0 0 0 0 0 0 0 0 0 0 0 0 0 0 0 10 11 11 11 11 11 12 0 0 0 0 0 0 0 0 0 0 0 0 0 0 0 0 0 0 0 0 0 0 0 0 0 0 0 0 0 0 0 0 0 0 0 
6 0 0 0 0 0 0 4 5 5 5 5 5 5 6 0 0 0 0 0 0 0 0 0 0 0 0 0 0 0 0 0 0 0 0 0 0 0 0 0 0 0 0 0 0 0 0 0 0 0 0 0 0 0 0 0 0 0 0 0 0 0 0 0 0 0 0 0 0 0 0 0 0 0 0 0 0 0 0 
6 0 0 0 0 0 0 7 8 8 8 8 8 8 9 0 0 0 0 0 0 0 0 0 0 0 0 0 0 0 0 0 0 0 0 0 0 0 0 0 0 0 0 0 0 0 0 0 0 31 30 30 33 0 0 1 2 2 2 2 2 3 0 0 0 0 0 0 0 0 0 0 0 0 0 0 0 0 0 
6 0 0 0 0 0 0 0 0 0 0 0 0 0 0 0 0 0 0 0 0 0 0 0 0 0 0 0 0 0 0 0 0 0 0 0 0 0 0 0 0 0 0 0 0 0 0 1 2 3 29 29 34 0 0 4 5 5 5 5 5 9 0 0 0 0 0 0 0 0 0 0 0 0 0 0 0 0 0 
6 0 0 0 0 0 0 0 0 0 0 0 0 0 0 0 0 0 0 0 0 0 0 0 0 0 0 0 0 0 0 0 0 0 0 0 0 0 0 0 0 0 0 0 0 0 0 4 5 6 0 0 0 0 0 4 5 5 5 5 19 0 0 0 0 0 0 0 0 0 0 0 0 0 0 0 0 0 0 
6 0 0 0 0 0 0 0 0 0 0 0 0 0 0 0 0 0 0 0 0 0 0 0 0 0 0 0 0 0 0 0 0 0 0 0 0 0 0 0 0 0 0 0 0 0 0 4 5 6 0 0 0 0 0 4 5 5 5 25 0 0 0 0 0 0 0 0 0 31 30 33 0 0 0 0 0 0 0 
6 0 0 0 0 0 0 0 0 0 0 0 0 0 0 0 0 0 0 0 0 0 0 0 0 0 0 0 0 0 0 0 0 0 0 0 0 0 0 0 0 0 0 0 0 0 0 4 5 6 0 0 0 0 0 7 8 8 8 9 0 0 10 11 11 11 11 11 11 12 29 34 0 0 0 0 0 0 0 
6 0 0 0 0 0 0 0 0 0 0 0 0 0 0 0 0 0 0 0 0 0 0 0 0 0 0 0 0 0 0 0 0 0 0 0 0 0 0 0 0 0 0 0 0 0 0 4 5 6 0 0 0 0 0 0 0 0 0 0 0 0 0 0 0 0 0 0 0 0 0 0 0 0 0 0 0 0 0 
6 0 0 0 0 0 0 0 0 0 0 0 0 0 0 0 0 0 0 0 0 0 0 0 0 0 0 0 0 0 0 0 0 0 0 0 0 0 0 0 0 0 0 0 0 0 0 4 23 6 0 0 0 0 0 0 0 0 0 0 0 0 0 0 0 0 0 0 0 0 0 0 0 0 0 0 0 0 0 
6 0 0 0 0 0 0 0 0 0 0 0 0 0 0 0 0 0 0 0 0 0 0 0 0 0 0 0 0 0 0 0 0 0 0 0 0 0 0 0 0 0 0 0 0 0 0 27 0 28 0 0 0 0 0 0 0 0 0 0 0 0 0 0 0 0 0 0 0 0 0 0 0 0 0 0 0 0 0 
6 0 0 0 0 0 0 0 0 0 0 0 0 0 0 0 31 30 30 30 32 0 0 0 0 0 31 30 30 30 30 30 30 32 0 0 0 0 0 0 0 0 0 0 0 0 0 14 0 15 0 0 0 0 0 0 0 0 0 0 0 0 0 0 0 0 0 0 0 0 0 0 0 0 0 0 0 0 0 
6 0 0 0 0 0 0 0 0 0 0 0 0 0 1 2 3 29 29 29 1 2 2 2 2 2 3 29 29 29 16 29 29 1 2 2 2 2 2 3 30 30 30 30 30 32 0 14 0 0 0 0 0 0 0 0 0 0 0 0 0 0 0 0 0 0 0 0 0 0 0 0 1 2 2 2 2 2 3 
6 0 0 0 0 0 0 0 0 0 0 0 0 0 4 5 6 0 0 0 4 5 5 5 5 5 6 0 0 0 0 0 0 7 5 5 5 5 5 6 29 29 29 29 29 13 0 14 0 0 0 0 0 0 0 0 0 0 0 0 31 30 33 0 0 0 0 0 0 0 0 0 7 8 8 8 8 8 9 
6 0 0 0 0 0 0 0 0 0 0 0 0 0 4 5 6 0 0 0 4 5 5 5 5 5 6 0 0 0 0 0 0 0 20 5 5 5 5 6 0 0 0 0 0 14 0 15 0 0 0 0 0 0 0 0 0 0 10 11 12 29 34 0 0 0 0 0 0 0 0 0 0 0 0 0 0 0 0 
17 2 2 2 2 2 3 0 0 0 1 2 2 2 18 5 6 0 0 0 4 5 5 5 5 5 6 0 0 0 0 0 0 0 0 26 5 5 5 6 0 0 0 0 0 14 0 0 0 1 2 11 11 11 12 0 0 0 0 0 0 0 0 0 0 0 0 0 0 0 0 0 0 0 0 0 0 0 0 
5 5 5 5 5 5 6 0 0 0 4 5 5 5 5 5 6 0 0 0 4 5 5 5 5 5 6 0 0 0 0 0 0 0 0 7 8 8 8 9 0 0 0 0 0 14 0 0 0 4 19 0 0 0 0 0 0 0 0 0 0 0 0 0 0 0 0 0 0 0 0 0 0 0 0 0 0 0 0 
5 5 5 5 5 5 17 2 2 2 18 5 5 5 5 5 6 0 0 0 4 5 5 5 5 5 6 0 0 0 0 0 0 0 0 0 0 0 0 0 0 0 0 0 0 14 0 0 0 27 0 0 0 0 0 0 0 0 0 0 0 0 0 35 30 32 0 0 0 0 0 0 0 0 0 0 0 0 0 
5 5 5 5 5 5 5 5 5 5 5 5 5 5 5 5 6 0 0 0 4 5 5 5 5 5 6 0 0 0 0 0 0 0 0 0 0 0 0 0 0 0 0 0 0 14 0 0 0 14 0 0 0 0 0 0 0 0 0 0 0 0 0 36 29 1 2 2 2 3 0 0 0 0 0 0 0 0 0 
5 5 5 5 5 5 5 5 5 5 5 5 5 5 5 5 6 0 0 0 4 5 5 5 5 5 6 0 0 0 0 0 0 0 0 0 0 0 0 0 0 0 0 0 0 21 2 2 2 22 0 0 0 0 0 0 0 0 0 0 0 0 0 0 0 4 5 5 5 6 0 0 0 0 0 0 0 0 0 
5 5 5 5 5 5 5 5 5 5 5 5 5 5 5 5 6 0 0 0 4 5 5 5 5 5 6 0 0 0 0 0 0 0 0 0 0 0 0 0 0 0 0 0 0 4 5 5 5 6 0 0 0 0 0 0 0 0 0 0 0 0 0 0 0 4 5 5 5 6 0 0 0 0 0 0 0 0 0 
444
Tree 648.0 450.0 7
Tree 924.0 504.0 12
Tree 540.0 198.0 13
Tree 1315.0 450.0 12
Tree 416.0 -18.0 12
Tree -3.0 -90.0 11
Tree 1351.0 450.0 12
Tree 1253.0 -792.0 14
Tree 280.0 144.0 9
Cloud 704.4138427345888 189.0 1 0.13249575452238715
Cloud 1374.1220989363374 76.0 0 0.17987009111560154
Cloud 410.9137927306323 208.0 2 0.16942708847992344
Cloud 1088.1608957118576 313.0 1 0.32588243136784006
Cloud 98.88162660763766 214.0 1 0.2650252649381476
Cloud -14.499898020543501 325.0 0 0.06657528395019863
Cloud 938.790675172103 84.0 3 0.02912686875342324
Flower 1282.0 -666.0 1 0.9395241235009801
Fox 107.0 648.0
Fox 814.0 576.0
Flower 510.0 324.0 1 0.8751026837119418
Tree 779.0 126.0 13
Flower 54.0 630.0 2 0.8669427635717186
Fox 14141.0 9250051.0
Fox 94404.0 8732594.0
Flower 1073.0 252.0 1 0.8191573504164142
Flower 1289.0 -666.0 2 0.8111673658827372
Fox 50605.0 9495093.0
Stone 792.0 252.0 0
Fox 50417.0 8903833.0
Cloud 768.3531051519983 69.0 0 0.19948501396809032
Fox 276.0 558.0
Cloud 885.0062275418154 101.0 3 0.2308620180774124
Fox 107.0 648.0
Fox 45191.0 8942480.0
Fox 107.0 648.0
Fox 33599.0 6249543.0
Stone 414.0 108.0 1
Flower 444.0 576.0 1 0.39069386761592595
Stone 774.0 252.0 1
Fox 186.0 548.0
Fox 62858.0 9059393.0
Stone 270.0 576.0 0
Stone 342.0 270.0 2
Flower 1215.0 486.0 1 0.28544718899147004
Fox 127065.0 8131505.0
Fox 220.0 582.0
Fox 23314.0 8752481.0
Fox 101775.0 9648710.0
Flower 418.0 576.0 2 0.1539832041093474
Flower 1153.0 162.0 1 0.15041142351052939
Fox 2.0 612.0
Stone 1314.0 576.0 2
Stone 18.0 630.0 0
Fox 805.0 576.0
Fox 220.0 590.0
Flower 553.0 324.0 2 0.0498138186900956
Fox 50739.0 9513014.0











































Shrubbery 360.0 576.0 0
Shrubbery 540.0 108.0 2
Shrubbery 234.0 378.0 1
Shrubbery 396.0 576.0 1
Shrubbery 378.0 576.0 1
Shrubbery 396.0 108.0 1
Shrubbery 576.0 144.0 0
Shrubbery 540.0 576.0 0
Shrubbery 1116.0 486.0 0
Shrubbery 594.0 324.0 2
Shrubbery 882.0 630.0 0
Shrubbery 1044.0 612.0 0
Shrubbery 792.0 252.0 1
Shrubbery 1044.0 414.0 1
Shrubbery 882.0 432.0 2
Shrubbery 324.0 270.0 1
Shrubbery 792.0 252.0 1
Shrubbery 1170.0 684.0 0
Shrubbery 288.0 270.0 1
Shrubbery 468.0 324.0 1
Shrubbery 126.0 666.0 1
Shrubbery 234.0 630.0 1
Shrubbery 594.0 576.0 0
Shrubbery 756.0 378.0 1
Shrubbery 1098.0 414.0 2
Shrubbery 432.0 108.0 1
Shrubbery 774.0 252.0 1
Shrubbery 756.0 378.0 1
Shrubbery 774.0 252.0 1
Shrubbery 18.0 630.0 1
Shrubbery 450.0 324.0 0
Shrubbery 108.0 630.0 2
Cloud 146.38019108814714 162.0 0 0.2832410008343255
Shrubbery 288.0 270.0 1
Shrubbery 252.0 378.0 2
Shrubbery 756.0 252.0 1
Shrubbery 1008.0 414.0 1
Shrubbery 306.0 270.0 1
Shrubbery 846.0 432.0 0
Shrubbery 540.0 576.0 0
Shrubbery 702.0 576.0 2
Shrubbery 234.0 378.0 1
Shrubbery 126.0 666.0 1
Shrubbery 828.0 702.0 1
Shrubbery 1080.0 162.0 0
Shrubbery 684.0 576.0 1
Shrubbery 1206.0 486.0 1
Shrubbery 396.0 576.0 1
Shrubbery 1170.0 486.0 1
Shrubbery 1242.0 486.0 2
Shrubbery 144.0 378.0 1
Shrubbery 1314.0 576.0 1
Shrubbery 144.0 666.0 1
Shrubbery 1188.0 684.0 1
Shrubbery 1116.0 486.0 0
Shrubbery 1242.0 684.0 2
Shrubbery 108.0 630.0 2
Shrubbery 1404.0 576.0 2
Shrubbery 612.0 144.0 2
Shrubbery 846.0 702.0 1
Shrubbery 774.0 378.0 2
Shrubbery 648.0 198.0 0
Shrubbery 918.0 630.0 1
Shrubbery 1062.0 414.0 1
Shrubbery 612.0 144.0 2
Shrubbery 468.0 126.0 1
Shrubbery 198.0 378.0 1
Shrubbery 36.0 180.0 2
Shrubbery 252.0 576.0 0
Shrubbery 1008.0 414.0 1
Shrubbery 1314.0 576.0 1
Shrubbery 666.0 198.0 2
Shrubbery 1080.0 612.0 2
Shrubbery 1170.0 252.0 0
Shrubbery 180.0 378.0 1
Shrubbery 504.0 108.0 0
Shrubbery 306.0 270.0 4
Shrubbery 126.0 378.0 0
Shrubbery 1044.0 414.0 1
Shrubbery 1134.0 252.0 0
Flower 1331.0 576.0 0 -0.14054915191143635
Shrubbery 1296.0 576.0 0
Shrubbery 738.0 252.0 1
Cloud 382.94171059184265 270.0 3 0.2740301254186035
Shrubbery 1206.0 684.0 1
Shrubbery 360.0 576.0 0
Shrubbery 450.0 576.0 1
Shrubbery 378.0 108.0 0
Shrubbery 1098.0 90.0 0
Shrubbery 504.0 324.0 1
Shrubbery 324.0 270.0 1
Shrubbery 1116.0 18.0 0
Flower 633.0 576.0 0 -0.15392569963181857
Shrubbery 558.0 324.0 1
Shrubbery 972.0 630.0 2
Shrubbery 522.0 108.0 1
Shrubbery 1368.0 576.0 1
Shrubbery 1080.0 162.0 0
Shrubbery 774.0 378.0 2
Shrubbery 162.0 378.0 1
Shrubbery 594.0 324.0 2
Shrubbery 630.0 576.0 1
Shrubbery 486.0 126.0 1
Shrubbery 702.0 378.0 1
Shrubbery 162.0 666.0 1
Shrubbery 468.0 126.0 1
Shrubbery 1116.0 162.0 0
Shrubbery 468.0 576.0 2
Shrubbery 216.0 630.0 1
Shrubbery 414.0 108.0 1
Shrubbery 486.0 324.0 1
Flower 188.0 378.0 0 -0.18142877824649206
Shrubbery 1170.0 684.0 0
Shrubbery 684.0 378.0 1
Shrubbery 1134.0 252.0 0
Shrubbery 432.0 576.0 1
Shrubbery 1188.0 684.0 1
Shrubbery 1386.0 576.0 1
Shrubbery 1062.0 612.0 1
Shrubbery 864.0 702.0 4
Shrubbery 414.0 576.0 1
Shrubbery 36.0 180.0 2
Shrubbery 234.0 630.0 1
Shrubbery 342.0 270.0 1
Shrubbery 18.0 180.0 1
Shrubbery 414.0 108.0 1
Shrubbery 252.0 576.0 0
Shrubbery 1080.0 162.0 4
Shrubbery 1386.0 576.0 1
Shrubbery 378.0 576.0 1
Shrubbery 666.0 576.0 1
Shrubbery 540.0 324.0 1
Shrubbery 936.0 630.0 1
Shrubbery 198.0 378.0 1
Flower 564.0 324.0 2 -0.21272276060836748
Stone 396.0 108.0 1
Shrubbery 666.0 198.0 2
Shrubbery 450.0 324.0 0
Shrubbery 90.0 630.0 1
Shrubbery 684.0 378.0 1
Shrubbery 576.0 324.0 1
Shrubbery 738.0 252.0 1
Shrubbery 1062.0 612.0 1
Stone 666.0 576.0 1
Shrubbery 1152.0 486.0 1
Shrubbery 1224.0 684.0 1
Shrubbery 1152.0 486.0 1
Shrubbery 36.0 630.0 1
Shrubbery 1026.0 414.0 1
Shrubbery 1206.0 684.0 1
Shrubbery 720.0 252.0 0
Shrubbery 1116.0 162.0 0
Shrubbery 216.0 378.0 1
Shrubbery 810.0 252.0 2
Shrubbery 1170.0 252.0 0
Shrubbery 270.0 270.0 0
Shrubbery 1350.0 576.0 1
Shrubbery 1224.0 486.0 1
Shrubbery 486.0 126.0 1
Shrubbery 612.0 576.0 1
Shrubbery 1098.0 90.0 0
Shrubbery 540.0 108.0 2
Shrubbery 738.0 378.0 1
Shrubbery 972.0 630.0 2
Shrubbery 342.0 270.0 1
Shrubbery 720.0 378.0 1
Shrubbery 144.0 378.0 1
Shrubbery 990.0 414.0 0
Shrubbery 954.0 630.0 1
Shrubbery 1044.0 414.0 3
Shrubbery 1332.0 576.0 1
Shrubbery 504.0 108.0 0
Shrubbery 396.0 108.0 1
Shrubbery 702.0 576.0 2
Flower 1105.0 414.0 0 -0.2705503717613891
Shrubbery 576.0 144.0 0
Shrubbery 936.0 252.0 0
Shrubbery 594.0 576.0 0
Shrubbery 846.0 432.0 0
Shrubbery 1080.0 414.0 1
Shrubbery 882.0 432.0 2
Shrubbery 1188.0 486.0 1
Shrubbery 882.0 630.0 0
Shrubbery 1152.0 162.0 0
Shrubbery 540.0 324.0 1
Shrubbery 1152.0 162.0 0
Shrubbery 648.0 576.0 1
Shrubbery 666.0 576.0 1
Shrubbery 1134.0 486.0 1
Shrubbery 306.0 270.0 1
Shrubbery 954.0 630.0 3
Shrubbery 450.0 108.0 2
Shrubbery 1206.0 486.0 1
Shrubbery 1134.0 486.0 1
Shrubbery 414.0 576.0 1
Shrubbery 360.0 270.0 2
Shrubbery 828.0 702.0 1
Shrubbery 198.0 630.0 1
Shrubbery 666.0 378.0 0
Shrubbery 1062.0 252.0 0
Shrubbery 90.0 630.0 1
Shrubbery 558.0 324.0 1
Shrubbery 504.0 324.0 1
Shrubbery 270.0 576.0 1
Shrubbery 954.0 630.0 1
Shrubbery 180.0 630.0 0
Shrubbery 126.0 378.0 0
Shrubbery 180.0 630.0 0
Shrubbery 810.0 252.0 4
Shrubbery 216.0 630.0 1
Shrubbery 1332.0 576.0 1
Flower 139.0 666.0 2 -0.3331497851141709
Shrubbery 990.0 414.0 0
Shrubbery 378.0 108.0 0
Shrubbery 1188.0 486.0 1
Shrubbery 522.0 324.0 1
Shrubbery 1170.0 486.0 1
Shrubbery 36.0 630.0 1
Shrubbery 1368.0 576.0 1
Flower 664.0 576.0 1 -0.3491791204028718
Shrubbery 684.0 576.0 1
Shrubbery 432.0 108.0 1
Shrubbery 1242.0 684.0 2
Shrubbery 270.0 270.0 0
Shrubbery 900.0 630.0 1
Shrubbery 18.0 630.0 1
Shrubbery 900.0 630.0 1
Shrubbery 864.0 432.0 1
Shrubbery 1224.0 486.0 1
Shrubbery 288.0 576.0 2
Shrubbery 144.0 666.0 1
Shrubbery 252.0 378.0 2
Shrubbery 630.0 576.0 1
Shrubbery 720.0 252.0 0
Stone 1350.0 576.0 2
Shrubbery 54.0 630.0 1
Flower 1212.0 684.0 0 -0.38088097817434585
Shrubbery 522.0 324.0 1
Shrubbery 1278.0 -666.0 3
Shrubbery 522.0 108.0 1
Shrubbery 576.0 324.0 1
Shrubbery 1062.0 252.0 0
Shrubbery 864.0 432.0 1
Shrubbery 198.0 630.0 1
Shrubbery 216.0 378.0 1
Shrubbery 846.0 702.0 1
Shrubbery 288.0 576.0 2
Shrubbery 162.0 378.0 1
Shrubbery 1080.0 414.0 1
Shrubbery 0.0 36.0 2
Shrubbery 918.0 630.0 1
Shrubbery 648.0 198.0 0
Shrubbery 162.0 666.0 1
Shrubbery 450.0 576.0 1
Shrubbery 702.0 378.0 1
Shrubbery 18.0 180.0 1
Shrubbery 648.0 576.0 1
Shrubbery 450.0 108.0 2
Shrubbery 1098.0 252.0 0
Shrubbery 54.0 630.0 1
Shrubbery 1350.0 576.0 1
Cloud 1488.2499884558933 203.0 1 0.2102305368321562
Shrubbery 810.0 594.0 0
Shrubbery 270.0 576.0 1
Shrubbery 594.0 144.0 1
Shrubbery 468.0 324.0 1
Shrubbery 72.0 630.0 1
Shrubbery 1080.0 612.0 2
Shrubbery 738.0 378.0 1
Shrubbery 126.0 378.0 3
Shrubbery 1098.0 414.0 2
Shrubbery 1134.0 90.0 0
Shrubbery 1098.0 252.0 0
Shrubbery 180.0 378.0 1
Shrubbery 1404.0 576.0 2
Shrubbery 810.0 594.0 0
Shrubbery 936.0 252.0 3
Shrubbery 1026.0 414.0 1
Shrubbery 1062.0 414.0 1
Shrubbery 936.0 630.0 1
Shrubbery 0.0 36.0 2
Shrubbery 936.0 252.0 0
Shrubbery 720.0 378.0 1
Shrubbery 1224.0 684.0 1
Shrubbery 72.0 630.0 1
Shrubbery 864.0 702.0 1
Shrubbery 1296.0 576.0 0
Shrubbery 1044.0 612.0 0
Shrubbery 432.0 576.0 1
Shrubbery 468.0 576.0 2
Shrubbery 1134.0 90.0 0
Shrubbery 1242.0 486.0 2
Shrubbery 810.0 252.0 2
Shrubbery 486.0 324.0 1
Flower 1353.0 576.0 0 -0.4811474272679348
Shrubbery 756.0 252.0 1
Shrubbery 594.0 144.0 1
Shrubbery 864.0 702.0 1
Shrubbery 612.0 576.0 1
Shrubbery 1116.0 18.0 0
Shrubbery 666.0 378.0 0
Shrubbery 360.0 270.0 2
Shrubbery 414.0 576.0 3
Flower 385.0 108.0 2 -0.5200920029180578
Cloud 487.3745250959989 227.0 1 0.06728695770596305
Flower 439.0 108.0 0 -0.6013994162902279
Flower 333.0 270.0 0 -0.9692106920617962
Flower 696.0 378.0 1 -0.9845611340137959
Flower 447.0 576.0 1 -1.023209206473643
Flower 998.0 414.0 1 -1.0932809493894293
Flower 431.0 576.0 2 -1.1667314892498104
Tree 1306.0 450.0 13
Flower 344.0 270.0 1 -1.3042915818477656
Flower 900.0 630.0 0 -1.358612266243715
Stone 1080.0 612.0 2
Flower 318.0 270.0 0 -1.476409739483442
Flower 1318.0 576.0 2 -1.669511533630411
Flower 1188.0 684.0 1 -1.6706179488349346
Flower 380.0 108.0 0 -1.6830788294107801
Flower 1231.0 486.0 0 -1.688540514169955
Stone 108.0 630.0 2
Cloud 911.7780072051488 13.0 0 0.1835329194206527
Flower 746.0 252.0 1 -1.7845752164089963
Flower 1.0 36.0 0 -1.7870153174135137
Cloud 1728.2564764430167 35.0 1 0.23799593937290237
Flower 261.0 576.0 1 -1.8138115112118853
Flower 1152.0 486.0 2 -1.8803166464253775
Flower 198.0 378.0 0 -1.8985417544512841
Cloud 1508.74296852313 290.0 2 0.00133753310628959
Stone 414.0 108.0 2
Stone 1278.0 -666.0 2
Tree 312.0 144.0 10
Stone 522.0 108.0 2
Tree 237.0 252.0 9
Stone 738.0 378.0 2
Bee 24.0 317.7232680451125 false 1531778898944
Butterfly 1024.0 404.0528207719326 false 1531779138718
Butterfly 505.0 196.30914488434792 false 1531779138919
Tree 641.0 72.0 11
Butterfly 1069.0 137.93713128566742 false 1531779131657
Butterfly 1178.0 240.57785642147064 false 1531779137732
Butterfly 1571.0 713.7887111082673 false 1531779137316
Bee 95.0 250.02948404848576 false 1531778898938
Butterfly 63.0 209.26681192964315 false 1531779129281
Butterfly 294.0 397.85573671758175 false 1531779139104
Tree 1147.0 36.0 10

Continue
 0 -3 0 0 0 0 0 -4 0
1
class com.zandgall.arvopia.items.tools.Umbrella
57426 200 1 1